0.000000000000000000e+00 0.000000000000000000e+00
1.024000000000000057e+02 0.000000000000000000e+00
2.048000000000000114e+02 0.000000000000000000e+00
3.072000000000000455e+02 0.000000000000000000e+00
4.096000000000000227e+02 0.000000000000000000e+00
5.120000000000000000e+02 0.000000000000000000e+00
0.000000000000000000e+00 4.240000000000000000e+02
1.024000000000000057e+02 4.240000000000000000e+02
2.048000000000000114e+02 4.240000000000000000e+02
3.072000000000000455e+02 4.240000000000000000e+02
4.096000000000000227e+02 4.240000000000000000e+02
5.120000000000000000e+02 4.240000000000000000e+02
