4.100000000000000000e+01 3.100000000000000000e+01
1.510000000000000000e+02 3.900000000000000000e+01
2.370000000000000000e+02 4.200000000000000000e+01
3.180000000000000000e+02 4.700000000000000000e+01
3.970000000000000000e+02 4.800000000000000000e+01
4.960000000000000000e+02 5.000000000000000000e+01
7.800000000000000000e+01 3.570000000000000000e+02
1.620000000000000000e+02 3.380000000000000000e+02
2.290000000000000000e+02 3.310000000000000000e+02
2.890000000000000000e+02 3.320000000000000000e+02
3.520000000000000000e+02 3.400000000000000000e+02
4.280000000000000000e+02 3.590000000000000000e+02
